%YAML:1.0
---
K: !!opencv-matrix
   rows: 3
   cols: 3
   dt: d
   data: [ 1.0551630931662826e+03, 0., 6.2042472614480323e+02, 0.,
       1.0527910623099970e+03, 3.6758687446928326e+02, 0., 0., 1. ]
D: !!opencv-matrix
   rows: 1
   cols: 5
   dt: d
   data: [ 1.5072100809991301e-01, -4.9509304403261201e-01,
       5.8475795280314193e-03, -9.3531429614651888e-03,
       4.5794035201698763e-01 ]
